id,artist,Column,Column2,Column3,Column4,Column5,Column6,Column7,Column8,Column9,Column10
1,"Rysbrack, Pieter Andries",,,,,,,,,,
2,"Morland, George",,,,,,,,,,
3,"Russell, John",,,,,,,,,,
4,"Sarto, Adrea Del, Called Vannucchi",,,,,,,,,,
5,"Romney, George",,,,,,,,,,
6,"Roberts, David",,,,,,,,,,
7,"Poynter, Sir Edward",,,,,,,,,,
8,"Ruysdael, Jacob",,,,,,,,,,
9,"Raeburn, Sir Henry",,,,,,,,,,
10,"Reynolds, Sir Joshua",,,,,,,,,,
11,"Mabuse, Jan (called Jan Gossaert)",,,,,,,,,,
12,"Marks, Henry Stacey",,,,,,,,,,
13,"Phillip, John",,,,,,,,,,
14,"Lawrence, Sir Thomas",,,,,,,,,,
15,"Maratti, Carlo",,,,,,,,,,
16,"Poole, Paul Falconer",,,,,,,,,,
17,"Landseer, Sir Edwin",,,,,,,,,,
18,Hall,,,,,,,,,,
19,"Harvey, Sir George",,,,,,,,,,
20,"Marlow, William",,,,,,,,,,
21,"Sant,james",,,,,,,,,,
22,"This Includes Francis Mieris, The Elder, Born 1635,ar|d Francis Mieris, The Younger, Born 1689.",,,,,,,,,,
23,"Pickenoy.Seenicolaes (pickenoy) Eliasz.Vol.I,page 254",,,,,,,,,,
24,"Raphael, Sanzio",,,,,,,,,,
25,"Netscher, Gaspar",,,,,,,,,,
26,"Le Sueur, Eustache",,,,,,,,,,
27,"Poussin, Nicholas",,,,,,,,,,
28,"Rigaud, John Francis",,,,,,,,,,
29,"Lauri, Philipo",,,,,,,,,,
30,"Linton, Sir James Dromgole R.",,,,,,,,,,
31,"Horsley, John Callcott",,,,,,,,,,
32,"Rosa, Salvator",,,,,,,,,,
33,"Kauffmann, Angelica",,,,,,,,,,
34,"Moreelze, Paul",,,,,,,,,,
35,"Muller, William James",,,,,,,,,,
36,"Nicol, Erskine",,,,,,,,,,
37,"Munkacsy, Michael (lieb)",,,,,,,,,,
38,"Lely, Sir Peter",,,,,,,,,,
39,"Rubens, Sir Peter Paul",,,,,,,,,,
40,"Holbein, Hans, The Younger",,,,,,,,,,
41,"Ostade, Adriaen Van",,,,,,,,,,
42,"Janssen, Or Johnson, Cornelius",,,,,,,,,,
43,"Heffner, Karl",,,,,,,,,,
44,"Oakes, John Wright",,,,,,,,,,
45,"Millais, Sir John Everett",,,,,,,,,,
46,"Mola, Pietro Francesco",,,,,,,,,,
47,Rembrandt Van Rhyn,,,,,,,,,,
48,"Le Nain, Antoine, Louis, And Mathieu",,,,,,,,,,
49,"Prout, Samuel",,,,,,,,,,
50,"Poussin, Gasper (gaspard Dughet)",,,,,,,,,,
51,"Howard, Henry",,,,,,,,,,
52,"Linnell, John",,,,,,,,,,
53,"Hogarth, William",,,,,,,,,,
54,"Mieris, William",,,,,,,,,,
55,"Leader, Benjamin Williams",,,,,,,,,,
56,"Mulready, William",,,,,,,,,,
57,"Opie, John",,,,,,,,,,
58,"Potter, Paul",,,,,,,,,,
59,"Schalken, Godfried",,,,,,,,,,
60,"Nazzari, Bartolommeo",,,,,,,,,,
61,"O'neill, George Bernard",,,,,,,,,,
62,"Israels, Josef",,,,,,,,,,
63,"Parmigiano, Il, Francesco Mazzuoli, Called",,,,,,,,,,
64,"Hunt, William Henry",,,,,,,,,,
65,"Hackaert, John",,,,,,,,,,
66,"Leslie, Charles Robert",,,,,,,,,,
67,"Holland, James",,,,,,,,,,
68,"Leighton, Lord (sir Frederick)",,,,,,,,,,
69,"Hondekoeter, Melchior",,,,,,,,,,
70,"Halswelle, Keeley",,,,,,,,,,
71,"Hals, Frank",,,,,,,,,,
72,"Ravenstein, Jan Van",,,,,,,,,,
73,"Hudson, Thomas",,,,,,,,,,
74,Kettle Tilly,,,,,,,,,,
75,Hook. James Clarke,,,,,,,,,,
76,"Peters, Rev. Matthew William",,,,,,,,,,
77,"Pocock, Nicholas",,,,,,,,,,
78,"Haag, Carl",,,,,,,,,,
79,"Lewis, John Frederick",,,,,,,,,,
80,"Mytens, Daniel",,,,,,,,,,
81,"Lonsdale, James",,,,,,,,,,
82,"Kneller, Sir Godfrey",,,,,,,,,,
83,Palma Vecchio (called Old Palma),,,,,,,,,,
84,"O'neil, Henry Nelson",,,,,,,,,,
85,"Macwhirter, John",,,,,,,,,,
86,"Rosalba, Carriera",,,,,,,,,,
87,"Ostade, Isaac",,,,,,,,,,
88,"Hine, Henry George",,,,,,,,,,
89,"Schreyer, Adolphe",,,,,,,,,,
90,"Metzu, Gabriel",,,,,,,,,,
91,"Mason, George Hemming",,,,,,,,,,
92,"Millet, J. P.",,,,,,,,,,
93,"Orchardson, Sir William Quiller",,,,,,,,,,
94,"Neefs, Peter",,,,,,,,,,
95,"Pannini, Giovanni Paulo",,,,,,,,,,
96,"Haghe, Louis",,,,,,,,,,
97,"Johnstone, Alexander",,,,,,,,,,
98,"Morland, Henry Robert",,,,,,,,,,
99,"Patel, Pierre And Pierre Antoine",,,,,,,,,,
100,"Murillo, Bartolom Estban",,,,,,,,,,
101,"Rossetti, Dante Gabriel",,,,,,,,,,
102,Polidoro Da Caravaggio,,,,,,,,,,
103,"Pordenone, Giovanni Antonio Licinio, Called",,,,,,,,,,
104,"Pourbus, Franz (elder And Younger)",,,,,,,,,,
105,"Jacquet, Gustave Jean",,,,,,,,,,
106,"Monticelli, Adolphe",,,,,,,,,,
107,"Jameson, George",,,,,,,,,,
108,"Hoppner, John",,,,,,,,,,
109,"Mieris, Francis",,,,,,,,,,
110,"Mireveldt, Michael Jansen",,,,,,,,,,
111,"Schall, Joseph",,,,,,,,,,
112,"Largilliere, Nicholas De.",,,,,,,,,,
113,"Lievens, Jan",,,,,,,,,,
114,"Moucheron, Isaac",,,,,,,,,,
115,"Nasmyth, Patrick",,,,,,,,,,
116,"Poelemberg, Cornelis",,,,,,,,,,
117,"Hondius, Abraham.",,,,,,,,,,
118,"Liotard, John Stephe",,,,,,,,,,
119,"Hunt, Alfred William",,,,,,,,,,
120,"Nattier, Jean Marc",,,,,,,,,,
121,"Paton, Sir Joseph Noel",,,,,,,,,,
122,"Le Brun, Charles",,,,,,,,,,
123,"Mignard, Pierre",,,,,,,,,,
124,"Palmezzano, Marco",,,,,,,,,,
125,"Mostaert, Jan",,,,,,,,,,
126,"Hobbema, Meindert",,,,,,,,,,
127,"Liberi, Chev. Pietro (libertino)",,,,,,,,,,
128,"Houbraken, Arnold",,,,,,,,,,
129,"Herring, John Frederick",,,,,,,,,,
130,"Morgan, Frederick",,,,,,,,,,
131,"Maris, William",,,,,,,,,,
132,"Maes, Nicholas",,,,,,,,,,
133,"Hoare, William",,,,,,,,,,
134,"Richardson, Thomas Miles",,,,,,,,,,
135,"Knight, John William Buxton",,,,,,,,,,
136,"Phillips, Thomas",,,,,,,,,,
137,"Northcote, James",,,,,,,,,,
138,"Moore, Henry",,,,,,,,,,
139,"Isabey, Jean Baptiste",,,,,,,,,,
140,"Holl, Frank",,,,,,,,,,
141,"Maclise, Daniel",,,,,,,,,,
142,"Livesay, Richard",,,,,,,,,,
143,Melozzo Da Forli (called Marco Degli Ambrosi),,,,,,,,,,
144,"Riviere, Britton",,,,,,,,,,
145,"Martin, E",,,,,,,,,,
146,"Imperiale, Girolamo",,,,,,,,,,
147,"Le Page, Jules Bastien",,,,,,,,,,
148,"Lance, George",,,,,,,,,,
149,"Morris, Philip Richard",,,,,,,,,,
150,"Macbeth, Robert Walker",,,,,,,,,,
151,"Morgan, John",,,,,,,,,,
152,"Jazet, Paul Leon",,,,,,,,,,
153,"Lee, Frederick Richard",,,,,,,,,,
154,"Portaels, Jean Francois",,,,,,,,,,
155,"Haas, T. H. L. De",,,,,,,,,,
156,"Miel, Jan",,,,,,,,,,
157,"Lefevre, Claude",,,,,,,,,,
158,"Pesne, Antoine",,,,,,,,,,
159,"Rigaud, Hyacinthe Francois Honorat Mathias Pierre Andre Jean	",,,,,,,,,,
160,"Jssebrigen, A. (see Ysselsteyn)",,,,,,,,,,
161,"Halle, Noel",,,,,,,,,,
162,"Oliver, Archer James",,,,,,,,,,
163,"Rowlandson, Thomas",,,,,,,,,,
164,"Hoskins, John",,,,,,,,,,
165,"Plimer, Andrew",,,,,,,,,,
166,"Meissonnier, Jean Louis Ernest",,,,,,,,,,
167,"Hodgson, John Evans",,,,,,,,,,
168,"Ricci, Sebastian",,,,,,,,,,
169,"Pinturicchio, Bernardino",,,,,,,,,,
170,"Maris, James",,,,,,,,,,
171,"Koller, Gustav",,,,,,,,,,
172,"Noble, John Sargeant",,,,,,,,,,
173,"Hardy, James",,,,,,,,,,
174,"Pettenkofer, August Von",,,,,,,,,,
175,"Lerius, Joseph Henri Franois Van",,,,,,,,,,
176,"Pesellino, Francesco",,,,,,,,,,
177,"Pettie, John",,,,,,,,,,
178,"Pyne, James Baker",,,,,,,,,,
179,"Hamilton, William",,,,,,,,,,
180,"Rivers, Leopold",,,,,,,,,,
181,"Moore, Albert",,,,,,,,,,
182,"Jones, Charles",,,,,,,,,,
183,"Hunt, William Holman",,,,,,,,,,
184,"Niemann, Edmund John",,,,,,,,,,
185,"Rottenhamer, Johann",,,,,,,,,,
186,"Mortimer, J. H. ",,,,,,,,,,
187,"Linnell, William",,,,,,,,,,
188,"Linton, William",,,,,,,,,,
189,"Koninck, Philips",,,,,,,,,,
190,"Moreau, Jean Michel (le Jeune)",,,,,,,,,,
191,"Lingelbach, Jan",,,,,,,,,,
192,Matteo Di Giovanni,,,,,,,,,,
193,"Hardy, Heywood",,,,,,,,,,
194,"Levy, H. ",,,,,,,,,,
195,"Madou, Jean Baptiste",,,,,,,,,,
196,"Munthe, Ludwig",,,,,,,,,,
197,"North, John William",,,,,,,,,,
198,"Pasini, Alberto",,,,,,,,,,
199,"Roybet, Ferdinand Victor Lon",,,,,,,,,,
200,"Salentin, H.",,,,,,,,,,
201,"Long, Edwin",,,,,,,,,,
202,"Le Brun, Madame Vige",,,,,,,,,,
203,"Lejeune, Henry",,,,,,,,,,
204,"Maris, Mathew",,,,,,,,,,
205,"Metzmacher, E. P.",,,,,,,,,,
206,"Newton, Gilbert Stuart",,,,,,,,,,
207,"Lancret, Nicolas",,,,,,,,,,
208,"Mignot, Louis R.",,,,,,,,,,
209,"Mantegna, Andrea",,,,,,,,,,
210,"Liverseege, Henry",,,,,,,,,,
211,"Harlamoff, Alexis.",,,,,,,,,,
212,"Hunter, Colin",,,,,,,,,,
213,"Koninck, Salomon",,,,,,,,,,
214,"Lauder, Robert Scott",,,,,,,,,,
215,"Perugino, Pietro",,,,,,,,,,
216,"Merle, Hugues",,,,,,,,,,
217,"Jordano, Luca (see Giordano)",,,,,,,,,,
218,"Marchi, Joseph, F. L. ",,,,,,,,,,
219,"Mauve, Anton",,,,,,,,,,
220,"Mesdag, Hendrik Willem",,,,,,,,,,
221,"Marieschi, J",,,,,,,,,,
222,"Harding, James Duffield",,,,,,,,,,
223,"Moulinet, E.",,,,,,,,,,
224,"Ribera, R.",,,,,,,,,,
225,"Madrazo Y Garreta, Ricardo De.",,,,,,,,,,
226,"Murray, Sir David",,,,,,,,,,
227,"Owen, William",,,,,,,,,,
228,"Millet, Jean Franois",,,,,,,,,,
229,"Redgrave, Richard",,,,,,,,,,
230,"Hardy, Frederick Daniel",,,,,,,,,,
231,"Phillips, Hermann",,,,,,,,,,
232,"Palamedes, Anthony",,,,,,,,,,
233,"Munn, George Frederick",,,,,,,,,,
234,"Kiesel, Conrad",,,,,,,,,,
235,"Henner, Jean Jacques",,,,,,,,,,
236,"Pococke, I. (pupil Of Romney)",,,,,,,,,,
237,Plates And Stocks,,,,,,,,,,
238,"Palmer, Samuel",,,,,,,,,,
239,"Pickersgill, Frederick Richard",,,,,,,,,,
240,"Nicol, John Watson",,,,,,,,,,
241,"Pater, Jean Baptiste",,,,,,,,,,
242,"Richmond, George",,,,,,,,,,
243,"Rousseau, Pierre Etienne Theodore",,,,,,,,,,
244,"Scott, Samuel",,,,,,,,,,
245,"Palma, Young, Jacopo Il Giovine, Called",,,,,,,,,,
246,Rosa Di Tivoli (philip Peter Roos),,,,,,,,,,
247,"Jopling, Joseph Middleton",,,,,,,,,,
248,"Johnson, Charles Edward",,,,,,,,,,
249,"Rathbone, John",,,,,,,,,,
250,"Peters, Buonaventura",,,,,,,,,,
251,"Luini, Bernardino",,,,,,,,,,
252,"Memling, Hans",,,,,,,,,,
253,"Piombo, Sebastiano Del",,,,,,,,,,
254,"Moroni, Giovanni Battista",,,,,,,,,,
255,"Hamilton, Gavin",,,,,,,,,,
256,"Maton, B",,,,,,,,,,
257,"Macallum, Hamilton",,,,,,,,,,
258,Patavinus (gaspar Osello),,,,,,,,,,
259,"Ruysdael, Solomon",,,,,,,,,,
260,"Rousseau, Philippe",,,,,,,,,,
261,"Roberts, James",,,,,,,,,,
262,"Lockhart, William Ewart",,,,,,,,,,
263,"Reinagle, Philip",,,,,,,,,,
264,"Paduanino, Padovanino 11 (alessandro Varotari)",,,,,,,,,,
265,"Mctaggart, William",,,,,,,,,,
266,"Lucas, John",,,,,,,,,,
267,"Medina, Sir John Baptiste",,,,,,,,,,
268,"More, Sir Antonio",,,,,,,,,,
269,"Leighton, E. Blair",,,,,,,,,,
270,"Lippi, Filippo",,,,,,,,,,
271,"Morando, Paulo (called Cavazzola)",,,,,,,,,,
272,"Pollajuolo, Antonio",,,,,,,,,,
273,"Masaccio, Tomaso Guidi",,,,,,,,,,
274,"Pott, Laslett John",,,,,,,,,,
275,"Porter, Sir Robert Ker",,,,,,,,,,
276,Lodges' Portraits,,,,,,,,,,
277,"Hubert, Victor",,,,,,,,,,
278,"Lens, Bernard",,,,,,,,,,
279,"Leitch, William Leighton",,,,,,,,,,
280,"Romano, Gulio",,,,,,,,,,
281,"Martin, John",,,,,,,,,,
282,"Hulme, Frederick William",,,,,,,,,,
283,"Powell, Sir Francis",,,,,,,,,,
284,"Overbeck, Friedrich",,,,,,,,,,
285,"Sandby, Paul",,,,,,,,,,
286,"Huysman, Jacob.",,,,,,,,,,
287,"Montalba, Miss Clara",,,,,,,,,,
288,"Nash, Joseph",,,,,,,,,,
289,"Manet, Edouard",,,,,,,,,,
290,"Scharndolph, C.",,,,,,,,,,
291,"Richardson, Jonathan",,,,,,,,,,
292,"Riley, John",,,,,,,,,,
293,"Newton, Alfred Pizzi",,,,,,,,,,
294,"Le Moine, Francois",,,,,,,,,,
295,"Parker, Henry Perlie",,,,,,,,,,
296,Roestrate,,,,,,,,,,
297,"L'hermitte, Leon Augustin",,,,,,,,,,
298,"Koekkoek, Herman P.",,,,,,,,,,
299,"Pynaker, Adam",,,,,,,,,,
300,"Piot, A",,,,,,,,,,
301,"Mercier, Philip",,,,,,,,,,
302,"Lombardi, Giovanni Domenico",,,,,,,,,,
303,"Hanneman, Adrian",,,,,,,,,,
304,"Longhi, Pietro",,,,,,,,,,
305,"Linnell, John Thomas",,,,,,,,,,
306,"Parry, John",,,,,,,,,,
307,"Perotti, Angelica",,,,,,,,,,
308,"Laresse, Gerard. See Lairesse",,,,,,,,,,
309,"Pether, Abraham",,,,,,,,,,
310,"Matsys, Quentin",,,,,,,,,,
311,"Sassoferrato, Giovanni Battista Salvi, Called Il",,,,,,,,,,
312,"Jervas, Or Jarvis, Charles",,,,,,,,,,
313,"Scheffer, Ary",,,,,,,,,,
314,"Luny, Thomas",,,,,,,,,,
315,"Mann, Joshuas S. H.",,,,,,,,,,
316,"Lomax, John A.",,,,,,,,,,
317,"Ibbetson, Julius Caesar",,,,,,,,,,
318,"Hayes,edwin, R.H.A.",,,,,,,,,,
319,"Humphry, Ozias",,,,,,,,,,
320,"Leslie, George Dunlop",,,,,,,,,,
321,"Paret, Luis Y Alcazar",,,,,,,,,,
322,"Hilliard, Nicholas",,,,,,,,,,
323,"Oliver, Peter",,,,,,,,,,
324,"Mile, Francisco",,,,,,,,,,
325,"Momper, Josse De.",,,,,,,,,,
326,"Schweickhardt, Heindrich Wilhelm",,,,,,,,,,
327,"Moreau, Clement",,,,,,,,,,
328,"Monet, Claude",,,,,,,,,,
329,"Neuhuys, Albert",,,,,,,,,,
330,"Oliver, Isaac",,,,,,,,,,
331,"Mill, Francisque",,,,,,,,,,
332,Miniatures,,,,,,,,,,
333,"Lambert, Mrs.",,,,,,,,,,
334,"Jongkind, Johan Barthold",,,,,,,,,,
335,"Schlesinger, Henry Guillaume",,,,,,,,,,
336,"Pantaxa, Juan",,,,,,,,,,
337,"Lairesse, Gerard",,,,,,,,,,
338,Phillips,,,,,,,,,,
339,"Huet, Jean Baptiste.",,,,,,,,,,
340,"Harpignies, Henri.",,,,,,,,,,
341,"Mazzolino, Ludovico Ferrara",,,,,,,,,,
342,"Perugini, Charles Edward",,,,,,,,,,
343,"Honthorst, Gerard",,,,,,,,,,
344,"Janet, Francois (called Clouet)",,,,,,,,,,
345,"Lucatelli, Andrea",,,,,,,,,,
346,"Omeganck, Balthazar Paul",,,,,,,,,,
347,"Pinwell, George John",,,,,,,,,,
348,"Pickersgill, Henry William",,,,,,,,,,
349,"Ladbrooke, Robert",,,,,,,,,,
350,"Leyden, Lucas Van",,,,,,,,,,
351,"Kirk, Thomas",,,,,,,,,,
352,"Louard, J. D.",,,,,,,,,,
353,Lefebre,,,,,,,,,,
354,"Hennessy, William J.",,,,,,,,,,
355,"Nicholson, Francis",,,,,,,,,,
356,"Jordaens, Jacob",,,,,,,,,,
357,"Lippi, Filippino",,,,,,,,,,
358,"Landseer, Charles",,,,,,,,,,
359,"Joanowitsch, Paul",,,,,,,,,,
360,"Melin, Joseph",,,,,,,,,,
361,"Mainardi, Bastiano",,,,,,,,,,
362,"Lampi, Johann Baptiste Von.",,,,,,,,,,
363,"Sanman, Enoch",,,,,,,,,,
364,"Heilbuth, Ferdinand",,,,,,,,,,
365,"Schiavoni, Andrea Medula, Called Il",,,,,,,,,,
366,Nicola Di Liberatori,,,,,,,,,,
367,"Hamza, Johann",,,,,,,,,,
368,"Ribot, E.",,,,,,,,,,
369,"Houghton, Arthur Boyd",,,,,,,,,,
370,"Janssens, Hieronymus",,,,,,,,,,
371,"Ryckaert, David",,,,,,,,,,
372,Paterre,,,,,,,,,,
373,"Reid, John R.",,,,,,,,,,
374,"Rothwell, Richard",,,,,,,,,,
375,"Knaus, Ludwig",,,,,,,,,,
376,"Nesfield, William Andrews",,,,,,,,,,
377,"Pradillo, Francesco",,,,,,,,,,
378,"Herkomer, Sir Hubert",,,,,,,,,,
379,"Ketel, Cornelius",,,,,,,,,,
380,"Musscher, Michael Van",,,,,,,,,,
381,"Mackenzie, Frederick",,,,,,,,,,
382,"Pourbus, Peter",,,,,,,,,,
383,"Robson, George Fennel",,,,,,,,,,
384,"Orpen, Sir William, K.B.E., A.R.A",,,,,,,,,,
385,Massini,,,,,,,,,,
386,"Ruysch, Rachel",,,,,,,,,,
387,"Henshaw, Frederick Henry",,,,,,,,,,
388,"Jacque, Charles",,,,,,,,,,
389,"Molinear, Jan Miense",,,,,,,,,,
390,"Leech, John",,,,,,,,,,
391,Roepel,,,,,,,,,,
392,"Heemskirk, Egbert",,,,,,,,,,
393,"Sadler, Walter Dendy",,,,,,,,,,
394,"Salviati, Francesco",,,,,,,,,,
395,"Rowbotham, Thomas Lesson C.",,,,,,,,,,
396,Romagnesi,,,,,,,,,,
397,"Schidone, Bartolommeo",,,,,,,,,,
398,"Sartorius, J. F.",,,,,,,,,,
399,"Sartorius, John N.",,,,,,,,,,
400,"Koedyk, Nicolas",,,,,,,,,,
401,"Neufchatel, Nicholas (called Lucidel)",,,,,,,,,,
402,"Sandys, Frederick",,,,,,,,,,
403,"Santerre, Jean Baptiste",,,,,,,,,,
404,"Raoux, Jean",,,,,,,,,,
405,"Sargent, John Singer",,,,,,,,,,
406,"Harlow, George Henry",,,,,,,,,,
407,Nuremberg School,,,,,,,,,,
408,"Kager, Johann Matthias",,,,,,,,,,
409,"Santvoort, Dirk Van",,,,,,,,,,
410,"Hone, Nathaniel",,,,,,,,,,
411,"Mogford, John",,,,,,,,,,
412,Portomno,,,,,,,,,,
413,"Minderhout, Henry Van",,,,,,,,,,
414,"Michie, James Coutts",,,,,,,,,,
415,"Savoldo, Gian Girolamo",,,,,,,,,,
416,"Platzer, Johann Victor",,,,,,,,,,
417,"Philippeau, C. F.",,,,,,,,,,
418,"Le Duc, Jun.",,,,,,,,,,
419,"Nogari, Giuseppe",,,,,,,,,,
420,"Pacchiarotto, Jacopo",,,,,,,,,,
421,"Koekkoek, Barend Cornelis",,,,,,,,,,
422,"Maclean, T. Nelson",,,,,,,,,,
423,"Parocel, Charles",,,,,,,,,,
424,"Schindler, Emil Jacob",,,,,,,,,,
425,"Lies, J.",,,,,,,,,,
426,"Rock, Michael",,,,,,,,,,
427,"Herdman, Robert",,,,,,,,,,
428,"Mcculloch, Horatio",,,,,,,,,,
429,"Mcgregor, Robert",,,,,,,,,,
430,"Mignon, Abraham",,,,,,,,,,
431,"Leys, Baron Henri",,,,,,,,,,
432,"Lucy, Charles",,,,,,,,,,
433,"Patinir, Joachim D.",,,,,,,,,,
434,Master Of The Magdalen Legend,,,,,,,,,,
435,"Nasmyth, Alexander",,,,,,,,,,
436,"Melville, Arthur",,,,,,,,,,
437,"Langley, Walter",,,,,,,,,,
438,"Hemsley, William",,,,,,,,,,
439,"Hemmelinck, See Memling",,,,,,,,,,
440,"Italian, Early",,,,,,,,,,
441,"Lawson, Cecil Gordon",,,,,,,,,,
442,"Lucas, John Seymour",,,,,,,,,,
443,"Nono, Luigi",,,,,,,,,,
444,"Roubiliac, Louis F.",,,,,,,,,,
445,"Octervelt, Jan",,,,,,,,,,
446,"Legros, Alphonse.",,,,,,,,,,
447,"Ramsay, Allan",,,,,,,,,,
448,"La Thangue, Henry H.",,,,,,,,,,
449,"Hals, Dirk",,,,,,,,,,
450,"Rankley, Alfred",,,,,,,,,,
451,"Lang, Jan",,,,,,,,,,
452,"Haines, William Henry",,,,,,,,,,
453,"Savery, Roelant",,,,,,,,,,
454,"Malton, Thomas",,,,,,,,,,
455,"Luker, William",,,,,,,,,,
456,"Lefebre, Jules",,,,,,,,,,
457,"Ponte, Johannes",,,,,,,,,,
458,"Naftel, Paul J",,,,,,,,,,
459,Marco Da Sienna,,,,,,,,,,
460,"Joris, Pio",,,,,,,,,,
461,"Makart, Hans",,,,,,,,,,
462,"Messina, Antonelio Di",,,,,,,,,,
463,"Raven, John Samuel",,,,,,,,,,
464,"Jimenez-aranda, Louis",,,,,,,,,,
465,"Mhoof, Heinrich Max",,,,,,,,,,
466,"Lami, Louis Eugene",,,,,,,,,,
467,"Howard, Hugh",,,,,,,,,,
468,"Ricci, A.",,,,,,,,,,
469,"Hornel, Edward A.",,,,,,,,,,
470,"Johnstone, William Borthwick",,,,,,,,,,
471,"Pontromo, Jacopo Carucci Da",,,,,,,,,,
472,"Isabey, Louis Gabriel Eugene",,,,,,,,,,
473,"Jimenez-aranda, Jos",,,,,,,,,,
474,"Macdowell, Patrick",,,,,,,,,,
475,"Moor, Karel De (see De Moor)",,,,,,,,,,
476,"Hodges, William",,,,,,,,,,
477,"Romanelli, Giovanni Francesco",,,,,,,,,,
478,"Hilton, William",,,,,,,,,,
479,"Head, Guy, Of Rome",,,,,,,,,,
480,"Jackson, John",,,,,,,,,,
481,"Sacchi, Andrea",,,,,,,,,,
482,"Hayter, Sir George",,,,,,,,,,
483,"Nollekens, Joseph",,,,,,,,,,
484,Mathon,,,,,,,,,,
485,"Imola, Innocenza Da.",,,,,,,,,,
486,"Penna, F. (marco Nuzzi)",,,,,,,,,,
487,"Petitot, Jean",,,,,,,,,,
488,"Proccacini, Camillo",,,,,,,,,,
489,"Marshall, William Calder",,,,,,,,,,
490,"Herbert, John Rogers",,,,,,,,,,
491,"Max, Gabriel",,,,,,,,,,
492,"Penley, Aaron Edwin",,,,,,,,,,
493,"Hayman, Frank, R.A.",,,,,,,,,,
494,"Knight, William Henry",,,,,,,,,,
495,"Marshall, Ben",,,,,,,,,,
496,"Jones, George",,,,,,,,,,
497,"Hurlestone, Frederick Yeates",,,,,,,,,,
498,"Ramberg, John Henry",,,,,,,,,,
499,"Previtali, Andrea",,,,,,,,,,
500,"Kray, Wilhelm",,,,,,,,,,
501,"Perrault, Leon Bazile",,,,,,,,,,
502,"Robins, Thomas Sewell",,,,,,,,,,
503,"Jalabert, Charles Franois",,,,,,,,,,
504,"Lucas, John Templeton",,,,,,,,,,
505,"Lambinet, Emile Charles",,,,,,,,,,
506,"Leyster, Judith",,,,,,,,,,
507,"Poggenbeek, George",,,,,,,,,,
508,"Kelli, Professor",,,,,,,,,,
509,"Norman, A.",,,,,,,,,,
510,"Meulen, Franois",,,,,,,,,,
511,"Hayes, Edwin, R.H.A.",,,,,,,,,,
512,"Le Prince, Jean Baptiste",,,,,,,,,,
513,Robert,,,,,,,,,,
514,"Perotti, Pietro Antonio",,,,,,,,,,
515,"Richmond, Sir William Blake",,,,,,,,,,
516,"Lawson, George A.",,,,,,,,,,
517,"Herbert, Antoine Aug. Ernest",,,,,,,,,,
518,Legozzi,,,,,,,,,,
519,"Lepine, S.",,,,,,,,,,
520,"Mckewan, D. H",,,,,,,,,,
521,"Schyndal, Bernard",,,,,,,,,,
522,Milanese School,,,,,,,,,,
523,"Homer, Winslow",,,,,,,,,,
524,"Peruzzi, Baldassare",,,,,,,,,,
525,"Mucke, Heinrich",,,,,,,,,,
526,"Mazzuoli, Francesco",,,,,,,,,,
527,"Roselli, Matteo Cosimo",,,,,,,,,,
528,"Rippingille, Edward Villiers",,,,,,,,,,
529,"Hargitt, Edward. 1845-1896",,,,,,,,,,
530,"Kauffmann, Hermann",,,,,,,,,,
531,"Hancock, Charles",,,,,,,,,,
532,"Le Tellier, Jean",,,,,,,,,,
533,"Scheffer, Henry",,,,,,,,,,
534,Reme,,,,,,,,,,
535,"Oggione, Marco D'",,,,,,,,,,
536,"La Tour, Maurice Quentin De.",,,,,,,,,,
537,"Lestrel, A. A.",,,,,,,,,,
538,"Robertson, H. H. ",,,,,,,,,,
539,"May, Walter William",,,,,,,,,,
540,"Rootius, Jan Albertz",,,,,,,,,,
541,"Hamon, Jean Louis",,,,,,,,,,
542,"Heaphy, Thomas",,,,,,,,,,
543,"Lehman,rudolph.",,,,,,,,,,
544,"Lundens, Gerrit",,,,,,,,,,
545,"Paye, Richard Morton",,,,,,,,,,
546,"Lanfranco, Giovanni",,,,,,,,,,
547,"Hobday, William Armfield",,,,,,,,,,
548,"Peacock, Ralph",,,,,,,,,,
549,"Orcagna, Andrea Di Cione, Called",,,,,,,,,,
550,"Landseer, Miss Emma (mrs. Mackenzie)",,,,,,,,,,
551,Pellegrino De San Dainele (martino Da Udine),,,,,,,,,,
552,"Pollard, J",,,,,,,,,,
553,"Parris, Edward Thomas",,,,,,,,,,
554,"Lefevre, Robert",,,,,,,,,,
555,"Penni, Luca",,,,,,,,,,
556,Reflout,,,,,,,,,,
557,"Meyer, Henry",,,,,,,,,,
558,Marchetti,,,,,,,,,,
559,"Palmaroli, P. Vincente",,,,,,,,,,
560,"Pond, Arthur",,,,,,,,,,
561,"Newton, Sir William John",,,,,,,,,,
562,"Highmore, Joseph",,,,,,,,,,
563,"Nollekens, Joseph Francis",,,,,,,,,,
564,"Parker, John",,,,,,,,,,
565,"Kaulbach, Friedrich August Von",,,,,,,,,,
566,"Pratt, W.",,,,,,,,,,
567,"Sadee, Philip",,,,,,,,,,
568,"Hardimee, Pieter",,,,,,,,,,
569,"Hargitt, Edward. 1845-1895",,,,,,,,,,
570,"Joest, Jan, Of Calcar",,,,,,,,,,
571,"Hopley, Edward W. J. ",,,,,,,,,,
572,"Piloty, G",,,,,,,,,,
573,"Sansovino, Jacopo Tatti",,,,,,,,,,
574,"Schellinks, Wilhelm",,,,,,,,,,
575,"Morales, Luis De (el Divino)",,,,,,,,,,
576,"Patten, George",,,,,,,,,,
577,"Morisset, H. ",,,,,,,,,,
578,"Moser, J. M. ",,,,,,,,,,
579,"Sachtleven, Herman",,,,,,,,,,
580,"Murray, Thomas",,,,,,,,,,
581,Hill,,,,,,,,,,
582,"Hearne, Thomas",,,,,,,,,,
583,"Rougier, Jeanne",,,,,,,,,,
584,"Mulready, Aug. E.",,,,,,,,,,
585,"Nason, Peter",,,,,,,,,,
586,"Keyl, Friedrich Wilhelm",,,,,,,,,,
587,Rynenberg,,,,,,,,,,
588,"Reinagle, George",,,,,,,,,,
589,"Johnson, Edward Killingworth",,,,,,,,,,
590,"Haydon, Benjamin Robert",,,,,,,,,,
591,"Muss, Charles",,,,,,,,,,
592,"Hill, David Octavius",,,,,,,,,,
593,"Schotel, Johann Christianus",,,,,,,,,,
594,"Maas, Jan",,,,,,,,,,
595,"Knapton, George.",,,,,,,,,,
596,"Parentino, Bernardo ",,,,,,,,,,
597,"Sartorius, Francis",,,,,,,,,,
598,Razzi,,,,,,,,,,
599,"Holmberg, August",,,,,,,,,,
600,"Holmes, James",,,,,,,,,,
601,"Holyoake, William J. 1834-1896",,,,,,,,,,
602,"Kidd, William",,,,,,,,,,
603,"Paton, Richard",,,,,,,,,,
604,"Houston, John Adam",,,,,,,,,,
605,"Lewis, Charles James",,,,,,,,,,
606,"Hering, George Edwards",,,,,,,,,,
607,"Henderson, C. Cooper",,,,,,,,,,
608,"Oakley, Octavius",,,,,,,,,,
609,"Normand, Ernest",,,,,,,,,,
610,"Sallaert, Antoine",,,,,,,,,,
611,"Hunt, Walter",,,,,,,,,,
612,"Hickey, Thomas Fl. ",,,,,,,,,,
613,Moyaert,,,,,,,,,,
614,"Schmidt, Edward Allan",,,,,,,,,,
615,"Saintin, Jules Emile",,,,,,,,,,
616,"Monnoyer, Jean Baptist",,,,,,,,,,
617,"Looten, Jan",,,,,,,,,,
618,"Novellara, Lelio Orsi, Called",,,,,,,,,,
619,Pilon,,,,,,,,,,
620,"Meile, G. Or Fr.",,,,,,,,,,
621,"Schonleber, Gustav",,,,,,,,,,
622,"Harding, George Perfect",,,,,,,,,,
623,"Sans, Domingo",,,,,,,,,,
624,"Lambert, George",,,,,,,,,,
625,"Lavagna, F.",,,,,,,,,,
626,"Maas, Dirk",,,,,,,,,,
627,"Hagen, George Van Der. Fl",,,,,,,,,,
628,"Massari, Lucio",,,,,,,,,,
629,"Lucas, George",,,,,,,,,,
630,"Luttichuys, Isaac",,,,,,,,,,
631,Rosenberg,,,,,,,,,,
632,"Master Of ""death Of The Virgin""",,,,,,,,,,
633,"Oliver, Emma S. (mrs. William Oliver)",,,,,,,,,,
634,Master Of The Holzhausen Portraits,,,,,,,,,,
635,"Lavery, Sir John",,,,,,,,,,
636,"Rising, John",,,,,,,,,,
637,"Le Doux, Ph.",,,,,,,,,,
638,"Rigaud, Stephen Francis D",,,,,,,,,,
639,"Mutrie, Miss Annie Feray",,,,,,,,,,
640,"Havers, Miss Alice (mrs. Fred Morgan)",,,,,,,,,,
641,"Henry, William",,,,,,,,,,
642,"Rizzo, Sebastian",,,,,,,,,,
643,"Le Compte, V.",,,,,,,,,,
644,"Michel, Georges",,,,,,,,,,
645,Harding,,,,,,,,,,
646,"Keisei, Conrad M.",,,,,,,,,,
647,"Hayter, John",,,,,,,,,,
648,"Kearsley, Thomas",,,,,,,,,,
649,"Oram, Edward",,,,,,,,,,
650,"Reynolds, Miss",,,,,,,,,,
651,"Ruskin, John James",,,,,,,,,,
652,"Hildebrandt, Edouard",,,,,,,,,,
653,Horebout (? Geeraert Horebout),,,,,,,,,,
654,"Luti, C.",,,,,,,,,,
655,"Lutti, Benedetto",,,,,,,,,,
656,Quillinus,,,,,,,,,,
657,"Harrison, Mrs. (miss Mary Rossiter)",,,,,,,,,,
658,"Primaticcio, Francesco",,,,,,,,,,
659,"Morton, Andrew",,,,,,,,,,
660,"Ouwater, Isaak",,,,,,,,,,
661,"Michau, Theobald",,,,,,,,,,
662,"Kilburne, George Goodwin",,,,,,,,,,
663,"Induno, Domenico",,,,,,,,,,
664,"Mutrie, Miss Martha Darley",,,,,,,,,,
665,"Horsely, Walter Charles",,,,,,,,,,
666,"Sargent, Frederick Francis",,,,,,,,,,
667,"Muller, P. R. A.",,,,,,,,,,
668,"Ouless, Walter William",,,,,,,,,,
669,"Kalf, Willem",,,,,,,,,,
670,"Schmalz, Herbert",,,,,,,,,,
671,"Hurt, Louis B.",,,,,,,,,,
672,"Quast, Peter",,,,,,,,,,
673,"Pozzo,giuseppe",,,,,,,,,,
674,"Lavrience, Nicolas",,,,,,,,,,
675,"Helmont, Matheus Van",,,,,,,,,,
676,"Pistoja, Leonardo Da (grazia)",,,,,,,,,,
677,"Marinari, Onorio",,,,,,,,,,
678,"Knyf, Wouter",,,,,,,,,,
679,Mutiano (or Mutian),,,,,,,,,,
680,"Maler, Hans",,,,,,,,,,
681,"Hayllar, James",,,,,,,,,,
682,"Hall, Oliver",,,,,,,,,,
683,"Mosnier, Jean Laurent",,,,,,,,,,
684,"Knight, John Prescott",,,,,,,,,,
685,"Partridge, John",,,,,,,,,,
686,"Montagna, Bartolommeo D'antonio",,,,,,,,,,
687,"Moretto, Il (alessandro Bonvincino)",,,,,,,,,,
688,"Houdon, Jean Antoine",,,,,,,,,,
689,"Salaino (or Salai), Adrea",,,,,,,,,,
690,"Levy, Emile",,,,,,,,,,
691,"Morizot, Berthe",,,,,,,,,,
692,"Landell, Charles",,,,,,,,,,
693,"Hoogstraten, Samuel Van",,,,,,,,,,
694,"North, Lady K. A.",,,,,,,,,,
695,"Rico, M.",,,,,,,,,,
696,"Melbye, Anton",,,,,,,,,,
697,"Janneck, Franz Christoph",,,,,,,,,,
698,"Monamy, Peter",,,,,,,,,,
699,Limberg,,,,,,,,,,
700,"Perin, J.C.N. ",,,,,,,,,,
701,"Laquy, Guiiaume Joseph",,,,,,,,,,
702,"Poggi, Cesare",,,,,,,,,,
703,"Hannah, Robert",,,,,,,,,,
704,"Johnson, Harry",,,,,,,,,,
705,"Maguire, Thomas Herbert",,,,,,,,,,
706,Laguy,,,,,,,,,,
707,"Prinsep, Valentine",,,,,,,,,,
708,"Lundgren, Egron",,,,,,,,,,
709,"Poingdestre, Charles H.",,,,,,,,,,
710,"Jacque, A. ",,,,,,,,,,
711,"Marcellus, Otho",,,,,,,,,,
712,"Hughes, Arthur.",,,,,,,,,,
713,"Laporte, John",,,,,,,,,,
714,"Kennedy, William Denholm",,,,,,,,,,
715,"Kaemmerer, Frederic Hendrick",,,,,,,,,,
716,"Michel, Ernest",,,,,,,,,,
717,"Markelbach, A.",,,,,,,,,,
718,"Loti, Carlo",,,,,,,,,,
719,"Nettleship, John Trevitt",,,,,,,,,,
720,"Ribera, Josef De (lo Spagnoletto)",,,,,,,,,,
721,"Pearce, Stephen",,,,,,,,,,
722,Perino Del Vaga,,,,,,,,,,
723,Pietro Di Lorenzo Da Prato,,,,,,,,,,
724,Pietro Da Pietri,,,,,,,,,,
725,"Lotto, Lorenzo",,,,,,,,,,
726,"Heere, Egbert",,,,,,,,,,
727,"Schooreel, Jan ",,,,,,,,,,
728,"Rich, W. G.",,,,,,,,,,
729,"Pietrini, Gian",,,,,,,,,,
730,"Mengs, Antonio Raphael",,,,,,,,,,
731,"Lucidel, Nicholas (called Neufchatel)",,,,,,,,,,
732,"Masquerier, John James",,,,,,,,,,
733,"Orizonte, Van Bloemend",,,,,,,,,,
734,"Privatali, Andrea",,,,,,,,,,
735,Ramsay,,,,,,,,,,
736,"Hill, James J.",,,,,,,,,,
737,"Holbein, Johannes",,,,,,,,,,
738,Niccolo Del Abati,,,,,,,,,,
739,"Hicks, George Edgar",,,,,,,,,,
740,"Harlowe, G. Fl. 1841",,,,,,,,,,
741,"Harper, Henry Andrew",,,,,,,,,,
742,Houseman,,,,,,,,,,
743,"Law, David",,,,,,,,,,
744,"Huggins, William John",,,,,,,,,,
745,"Kiorboe, Charles Frederick",,,,,,,,,,
746,"Macquoid, Percy",,,,,,,,,,
747,Niccola Di Ancona,,,,,,,,,,
748,"Mentzler, W.",,,,,,,,,,
749,"Philpot, Glyn W.",,,,,,,,,,
750,"Louise, H.R.H. Princess",,,,,,,,,,
751,"Naiveu, Mathys",,,,,,,,,,
752,"La Fargue, J. E.",,,,,,,,,,
753,"Hone, Horace",,,,,,,,,,
754,"Reinagle, Ramsey Richard",,,,,,,,,,
755,"Hart, Solomon, R.A.",,,,,,,,,,
756,"Jettel, Eugene",,,,,,,,,,
757,"Pot, C.",,,,,,,,,,
758,"Lier, Adolf",,,,,,,,,,
759,"Prud'hon, Pierre Paul",,,,,,,,,,
760,Scarzallino Di Ferrara,,,,,,,,,,
761,"Schampheleer, Edmond De",,,,,,,,,,
762,"Logsdail, William",,,,,,,,,,
763,"Lunder, G.",,,,,,,,,,
764,"Huggins, William",,,,,,,,,,
765,"Miller, William",,,,,,,,,,
766,"Keller, Heinrich.",,,,,,,,,,
767,"Occhiali, Gaspar",,,,,,,,,,
768,"Helmick, G. F.",,,,,,,,,,
769,"Jenkins, Joseph John",,,,,,,,,,
770,"Martini, Giovanni",,,,,,,,,,
771,"Hall, Harry",,,,,,,,,,
772,"Le Clerc, Jacques Sebastien",,,,,,,,,,
773,"Liberatore, Nicola Di",,,,,,,,,,
774,"Pot, Hendrik Gerritsz",,,,,,,,,,
775,"Hillingford, Robert Alexander",,,,,,,,,,
776,"Rae, Henrietta",,,,,,,,,,
777,Hillyard. See Hilliard,,,,,,,,,,
778,"Huchtenbourg, Jan Van",,,,,,,,,,
779,"Pantoja De La Cruz, Juan",,,,,,,,,,
780,"Ruiperez, Louis",,,,,,,,,,
781,Quadrone,,,,,,,,,,
782,"La Hire, Laurent",,,,,,,,,,
783,"Linthorst, J",,,,,,,,,,
784,"Schetky, John Christian",,,,,,,,,,
785,"Price, W. Lake",,,,,,,,,,
786,"Maccullum, Andrew. Died 1902",,,,,,,,,,
787,"Ross, Sir William Charles",,,,,,,,,,
788,"Le Sire, P.",,,,,,,,,,
789,"Hayley, Thomas",,,,,,,,,,
790,"Lucas, Desir",,,,,,,,,,
791,"Malpieri, T.",,,,,,,,,,
792,"Jollain, Pierre",,,,,,,,,,
793,"Schaefels, Hendrick",,,,,,,,,,
794,"Lloyd, Tom",,,,,,,,,,
795,"Hublin, Emile Auguste",,,,,,,,,,
796,"Parsons, Alfred",,,,,,,,,,
797,Lutterell,,,,,,,,,,
798,"Lindsay, Graham",,,,,,,,,,
799,Josepini,,,,,,,,,,
800,"Petrini, Gian",,,,,,,,,,
801,Laistman,,,,,,,,,,
802,"Joseph, George Francis",,,,,,,,,,
803,Rombout,,,,,,,,,,
804,"Rasch, Otto (keimar)",,,,,,,,,,
805,"Jackson, Samuel Phillips",,,,,,,,,,
806,"Mantegna, B",,,,,,,,,,
807,"Read, Samuel",,,,,,,,,,
808,"Saint Jean, Simon",,,,,,,,,,
809,"Heda, William Kaasz",,,,,,,,,,
810,Martinelli,,,,,,,,,,
811,"Lenbach, Franz Von",,,,,,,,,,
812,Rivot,,,,,,,,,,
813,"Rodeck, Carl",,,,,,,,,,
814,"Read, Miss Catherine",,,,,,,,,,
815,"Nicholson, W.",,,,,,,,,,
816,"Mackenzie, H.",,,,,,,,,,
817,"Schongauer, Martin",,,,,,,,,,
818,"Santa Croce, F. Da.",,,,,,,,,,
819,"Hernandez, D.",,,,,,,,,,
820,Le Roi De Lean Court,,,,,,,,,,
821,"Oudry, Jean Baptiste",,,,,,,,,,
822,"Ovens, Juriaen",,,,,,,,,,
823,"Hofland, Thomas Christopher",,,,,,,,,,
824,"Mansueti, Giovanni",,,,,,,,,,
825,"Outin, P.",,,,,,,,,,
826,"Peppercorn, Alfred D. ",,,,,,,,,,
827,"Roussoff, Alexandre N.",,,,,,,,,,
828,"Salinas, R. Or P.",,,,,,,,,,
829,"Pesaro, Simon Da (cantarini)",,,,,,,,,,
830,"Rauber, W.",,,,,,,,,,
831,"Rodin, Auguste",,,,,,,,,,
832,Pandanio,,,,,,,,,,
833,"Netscher, Constantine",,,,,,,,,,
834,"Scholten, Hendrik Jacobus",,,,,,,,,,
835,"Plassan, Antoine Emile",,,,,,,,,,
836,"Robertson, Charles",,,,,,,,,,
837,"Lane, Theodore",,,,,,,,,,
838,"Melis, H. J. ",,,,,,,,,,
839,"Hacker, Arthur",,,,,,,,,,
840,"Lazzarini, P. Fl.",,,,,,,,,,
841,"Romanino, Girolamano",,,,,,,,,,
842,"Passini, Louis",,,,,,,,,,
843,"Priestman, Bertram",,,,,,,,,,
844,"Oliver, J.",,,,,,,,,,
845,"Howard, F.",,,,,,,,,,
846,"More, Jacob",,,,,,,,,,
847,"Kick, Jan. ",,,,,,,,,,
848,Raffaello Di Karlis,,,,,,,,,,
849,"Phillips, Henry Wyndham",,,,,,,,,,
850,"Natoire, Charles Joseph",,,,,,,,,,
851,"Morier, David",,,,,,,,,,
852,"Hardy, Thomas Bush.",,,,,,,,,,
853,"Paggi, Giovanni Battista",,,,,,,,,,
854,"Schopfer, Hans",,,,,,,,,,
855,"Passarotti, Bartolommeo",,,,,,,,,,
856,"Micker, Johannes",,,,,,,,,,
857,Sano Di Pietro Da Siena,,,,,,,,,,
858,"Penni, Francesco",,,,,,,,,,
859,"Lanini, Bernardino",,,,,,,,,,
860,"Pellegrino De Modena, Or Aretusi",,,,,,,,,,
861,"Robia, L. Della",,,,,,,,,,
862,"Llewellyn, Sir William",,,,,,,,,,
863,"Liebermann, M.",,,,,,,,,,
864,"Salter, William",,,,,,,,,,
865,"Newenham, Frederick",,,,,,,,,,
866,Osterwyck,,,,,,,,,,
867,"Hickel, Anton",,,,,,,,,,
868,"Nieulandt, Adriaen Van",,,,,,,,,,
869,"Kever, W.",,,,,,,,,,
870,"Pisano, Vittore (called Pisanello)",,,,,,,,,,
871,"Le Roux, Louis Hector",,,,,,,,,,
872,"Heusch, Willem De",,,,,,,,,,
873,"Hancock, John",,,,,,,,,,
